相机内参数矩阵：
[585.2071596229001, 0, 305.7891273626637;
 0, 592.6304856692707, 180.7239175208555;
 0, 0, 1]

畸变系数：
[0.07612208707834987, 0.6312592342214375, -0.04743800266309434, 0.002988924302723192, -4.364883119224404]


第1幅图像的旋转向量：
[2.245096572155383;
 1.861189604837545;
 -0.2822787988908643]
第1幅图像的旋转矩阵：
[0.1835794574145028, 0.9829252010505196, -0.0125152688821826;
 0.9424333913430194, -0.1796082943560213, -0.2820641123578407;
 -0.2794957704458025, 0.03998636940655051, -0.9593139238875824]
第1幅图像的平移向量：
[-75.75048002194242;
 -20.81509121859583;
 323.1888040939709]

第2幅图像的旋转向量：
[2.238310999935714;
 1.872179252074072;
 -0.2853640834935755]
第2幅图像的旋转矩阵：
[0.1747274436233958, 0.9845157204257129, -0.01411087096786662;
 0.9440120484586247, -0.1715777904093067, -0.2817841624421266;
 -0.2798420497526838, 0.03591459414916147, -0.9593740506795654]
第2幅图像的平移向量：
[-74.54958709896344;
 -24.22904065264866;
 321.0327029595852]

第3幅图像的旋转向量：
[2.25112859243268;
 1.796785924338766;
 -0.6811872213953649]
第3幅图像的旋转矩阵：
[0.1639279284482335, 0.9574758051868559, -0.2374188635227895;
 0.8742272115112331, -0.2525032910358008, -0.4146912956277037;
 -0.4570059265786001, -0.139578545979931, -0.8784437446838378]
第3幅图像的平移向量：
[-93.38123982445889;
 -34.64666644491948;
 330.8161512024309]

第4幅图像的旋转向量：
[1.803851162425009;
 1.599906306745785;
 -0.3334392545223431]
第4幅图像的旋转矩阵：
[0.2065997844730225, 0.9463342492857207, 0.2485317236984701;
 0.7682659561019261, 0.0003901334634650588, -0.6401306651697563;
 -0.6058745330103374, 0.3231893197875088, -0.7269557853300247]
第4幅图像的平移向量：
[-75.45465592661819;
 -44.2299679868563;
 279.2176813803215]

第5幅图像的旋转向量：
[1.739423958827513;
 1.710675038323241;
 0.08338394561859798]
第5幅图像的旋转矩阵：
[0.1313941940973079, 0.859091446911311, 0.4946690323856445;
 0.9031281745587193, 0.102023773238622, -0.4170739143274131;
 -0.4087726337167828, 0.501550631081235, -0.7624643587645655]
第5幅图像的平移向量：
[-47.73934258323131;
 -37.83706786968737;
 247.1361132465901]

第6幅图像的旋转向量：
[2.072364067787286;
 1.808644273046682;
 0.5529741163273885]
第6幅图像的旋转矩阵：
[0.1165791499108675, 0.8607278761594502, 0.4955369057982486;
 0.9906753244535761, -0.1361987541763858, 0.003507260982980959;
 0.07051030651516069, 0.4905073114264895, -0.8685798029613025]
第6幅图像的平移向量：
[-60.89631799694055;
 -49.51295384905954;
 288.3119206893679]

第7幅图像的旋转向量：
[-2.123666568151162;
 -2.076549048509175;
 -0.2401387345302631]
第7幅图像的旋转矩阵：
[0.02221355331721997, 0.9997514171628539, 0.001913616964849457;
 0.9738010131683978, -0.02207017264524858, 0.2263282886243137;
 0.2263142611529921, -0.003164073367364739, -0.9740491999065043]
第7幅图像的平移向量：
[-72.96955171487281;
 -59.49869509491838;
 316.2853775981339]

第8幅图像的旋转向量：
[-2.061489773324825;
 -1.822540533104565;
 0.07159744569118125]
第8幅图像的旋转矩阵：
[0.154630890572421, 0.9448639523984245, -0.2886544632234317;
 0.9645963936762824, -0.08120534368312682, 0.250917296063893;
 0.2136424231923284, -0.317234619194269, -0.9239692156112005]
第8幅图像的平移向量：
[-95.11538083536635;
 -69.25882150120663;
 351.3244083101455]

第9幅图像的旋转向量：
[-2.054858014649957;
 -1.852325069080796;
 0.544478543909405]
第9幅图像的旋转矩阵：
[0.08634924185389548, 0.8718261611189272, -0.4821441207978087;
 0.9940551165906143, -0.1076117647103874, -0.0165569706147114;
 -0.06631917981457311, -0.4778481483531674, -0.8759354505351246]
第9幅图像的平移向量：
[-23.24118891085164;
 -77.27444551534613;
 410.7805842647628]

第10幅图像的旋转向量：
[1.473996916115898;
 1.645448003185587;
 -0.6712811269823564]
第10幅图像的旋转矩阵：
[0.008953964101164558, 0.9761936942532699, 0.2167157073841864;
 0.5460222985307421, 0.176789187731509, -0.8189048983907949;
 -0.8377227918793184, 0.1256640537360883, -0.5314405607069651]
第10幅图像的平移向量：
[-63.18824893921922;
 -49.19411611118964;
 295.2670537417962]

第11幅图像的旋转向量：
[1.450917730272584;
 1.65169204739286;
 -0.6124839752602714]
第11幅图像的旋转矩阵：
[0.01518736072062521, 0.9638052955224576, 0.2661741843177323;
 0.5572410818127849, 0.2128733585149171, -0.8026003426205954;
 -0.8302118529715528, 0.160512571337725, -0.5338389210502478]
第11幅图像的平移向量：
[-57.81280657178746;
 -45.69369682960766;
 292.825473733077]

第12幅图像的旋转向量：
[1.694795803630259;
 1.679424322894487;
 -0.5077360875544678]
第12幅图像的旋转矩阵：
[0.08777838979073549, 0.9779151786358349, 0.1896756644363957;
 0.7090362982948246, 0.07240803497210835, -0.701444655102489;
 -0.6996874173415708, 0.1960586133408079, -0.6870214975885121]
第12幅图像的平移向量：
[-31.08327000086829;
 -33.83381524409349;
 303.8698053128643]

第13幅图像的旋转向量：
[1.765718244706406;
 1.793508331421353;
 0.135049826799348]
第13幅图像的旋转矩阵：
[0.07667405610067923, 0.8727115315911771, 0.4821780498413957;
 0.9350767027356597, 0.1049058382685853, -0.3385650972828888;
 -0.3460529571063892, 0.4768326202400031, -0.8080086652709713]
第13幅图像的平移向量：
[-55.71511568402938;
 -35.133988464312;
 280.6687607125979]

第14幅图像的旋转向量：
[2.556026360570945;
 1.523880559332367;
 -0.1802979340136693]
第14幅图像的旋转矩阵：
[0.4735319838080041, 0.8805156574920173, -0.02143915162165649;
 0.8612073982321394, -0.4679763169696125, -0.1982926725468841;
 -0.1846328181583249, 0.07543436661732586, -0.9799083522411459]
第14幅图像的平移向量：
[-125.4267775547091;
 -6.364521216187438;
 411.6919477950615]

第15幅图像的旋转向量：
[-2.160334949021539;
 -1.513041415629243;
 0.8041727894488361]
第15幅图像的旋转矩阵：
[0.2558362846825234, 0.7191649686629488, -0.646025961775424;
 0.9378105337721309, -0.3468355286593063, -0.01471457799767972;
 -0.2346469650046058, -0.6020854290776674, -0.7631735961801144]
第15幅图像的平移向量：
[-18.69510766351539;
 -60.07169385629049;
 441.0293039664219]


