相机内参数矩阵：
[663.2596100997084, 0, 264.9342402760186;
 0, 666.7170623065747, 241.5837227938296;
 0, 0, 1]

畸变系数：
[-0.46436694605423, 0.09271638523059693, -0.005016775063946264, 0.02609487727789917, 0.1160870996503779]


第1幅图像的旋转向量：
[0.01561338369995803;
 -2.956392600812483;
 -0.01040099338981019]
第1幅图像的旋转矩阵：
[-0.9828550873520464, -0.009824158436390451, -0.1841177970138083;
 -0.01111940237966684, 0.9999201540781596, 0.006003695447666628;
 0.1840441147032968, 0.007948042483905822, -0.9828858491522573]
第1幅图像的平移向量：
[57.47741773346531;
 -93.46194241036545;
 295.0143223606604]

第2幅图像的旋转向量：
[0.003285376452286364;
 -2.930212219329449;
 0.09381264053193732]
第2幅图像的旋转矩阵：
[-0.9780540134312307, -0.008882253127676536, -0.2081620820188871;
 0.00445117627546704, 0.9979720833390416, -0.06349730628695004;
 0.2083039458119474, -0.0630303613769579, -0.9760310649276812]
第2幅图像的平移向量：
[63.58413069973654;
 -65.41786646895609;
 294.9955616927496]

第3幅图像的旋转向量：
[-0.4020655693538699;
 -2.725598892364571;
 -0.03601348467670215]
第3幅图像的旋转矩阵：
[-0.8853053447696499, 0.2829855068382066, -0.3689900397596317;
 0.2731374457695041, 0.9586527905891755, 0.07987967710311905;
 0.37633812222628, -0.03006709189646842, -0.9259943778145129]
第3幅图像的平移向量：
[115.2778594782962;
 -80.70567961312187;
 309.5328575511839]

第4幅图像的旋转向量：
[-0.3568334365151278;
 -2.770825710882626;
 0.03973583264871226]
第4幅图像的旋转矩阵：
[-0.9085457848491459, 0.2408918626336905, -0.3413439135970065;
 0.2505810706562642, 0.9679610536747939, 0.01614080535609176;
 0.334295802937473, -0.07086966266078953, -0.9397998760655037]
第4幅图像的平移向量：
[104.6730790108239;
 -58.06051018669351;
 314.6051467143639]

第5幅图像的旋转向量：
[-0.2760684306932227;
 -2.888080051135902;
 -0.003591533397982397]
第5幅图像的旋转矩阵：
[-0.9534069879496879, 0.1870184349468864, -0.2367260448677351;
 0.1864290860017298, 0.9821482579579484, 0.02507977836279501;
 0.2371904534783458, -0.02022138423017819, -0.9712526882323427]
第5幅图像的平移向量：
[51.95752836731581;
 -74.70227727643319;
 303.4999120728975]

第6幅图像的旋转向量：
[-0.01767023552270734;
 -2.962044202412154;
 -0.05706246388813187]
第6幅图像的旋转矩阵：
[-0.9839612354542322, 0.01525929012886235, -0.1777285604176892;
 0.00840278527936182, 0.999193400642111, 0.03926756056597457;
 0.1781843997743067, 0.0371443424765703, -0.9832957934919956]
第6幅图像的平移向量：
[52.84761340444054;
 -88.7980607340108;
 310.1300703752897]

第7幅图像的旋转向量：
[-0.1633130918603864;
 -2.841904816285109;
 -0.04978447062710486]
第7幅图像的旋转矩阵：
[-0.9504896178970916, 0.1171292956261578, -0.2878371316838066;
 0.1069758641010024, 0.9929623961438041, 0.05081185239880421;
 0.2917630044568447, 0.01750451228895359, -0.9563304561080553]
第7幅图像的平移向量：
[79.9839043938548;
 -69.96269766458204;
 389.5867056075365]

第8幅图像的旋转向量：
[-0.128984110762204;
 -2.975304258099067;
 -0.09727432970720733]
第8幅图像的旋转矩阵：
[-0.9831987238939044, 0.09114545988028495, -0.1581542742913052;
 0.08062049743806012, 0.9941592767244333, 0.07174725009080112;
 0.1637699750449935, 0.05779132846685205, -0.9848043245375188]
第8幅图像的平移向量：
[19.5697837859964;
 -87.53545853239251;
 369.9745721469073]

第9幅图像的旋转向量：
[-0.2347265732469267;
 -2.854187948465519;
 0.06126478252242815]
第9幅图像的旋转矩阵：
[-0.9486756064206207, 0.1543327405067587, -0.2760362276769863;
 0.1660352991597497, 0.9859291488313188, -0.01939053680748981;
 0.2691595683147823, -0.06422708690594398, -0.9609516158955019]
第9幅图像的平移向量：
[74.68705605693313;
 -46.30615432127574;
 388.6803052871437]

第10幅图像的旋转向量：
[-0.6006253913538672;
 -2.817474559515379;
 -0.08172957841560079]
第10幅图像的旋转矩阵：
[-0.8810664573342881, 0.4079470437080915, -0.2393764969462032;
 0.3933850331890682, 0.9130050296017386, 0.1080279203945218;
 0.2626216164432068, 0.001012645919326823, -0.96489836828808]
第10幅图像的平移向量：
[57.24881082063112;
 -80.73780713677743;
 383.6837909964925]

第11幅图像的旋转向量：
[-0.599898055592015;
 -2.885347804200658;
 -0.07607775508715942]
第11幅图像的旋转矩阵：
[-0.8992818326627418, 0.3995728254384138, -0.1778587715405217;
 0.3896449710011445, 0.9166366347333647, 0.08918562910137923;
 0.1986680196112547, 0.0109012401062621, -0.9800062147496249]
第11幅图像的平移向量：
[25.92160914144716;
 -73.43553424784697;
 374.4677260613039]

第12幅图像的旋转向量：
[-0.5841426105115719;
 -2.871072632449796;
 -0.0001497191035921543]
第12幅图像的旋转矩阵：
[-0.8990634596464143, 0.3863903332775646, -0.2058820193175517;
 0.3863688587333987, 0.9213879864497385, 0.04199146850429027;
 0.2059223167353922, -0.04179340588834934, -0.977675462868216]
第12幅图像的平移向量：
[38.46632384633264;
 -56.83707479742304;
 380.6713828910117]

第13幅图像的旋转向量：
[-0.07828226477486981;
 -2.652261529910779;
 0.09293153005962941]
第13幅图像的旋转矩阵：
[-0.8823138546029814, 0.03912278798513436, -0.4690326954871049;
 0.07185503785483656, 0.9960541391152938, -0.05208651923646652;
 0.4651441878713621, -0.07965901964976106, -0.8816435362877278]
第13幅图像的平移向量：
[171.8235058316886;
 -22.91801166574717;
 377.0929111033774]

第14幅图像的旋转向量：
[-0.0194756936604081;
 -2.973054522131155;
 -0.09884412381426487]
第14幅图像的旋转矩阵：
[-0.9860307069018936, 0.01851333317282758, -0.1655315726421508;
 0.007477861238175942, 0.9977220535115436, 0.06704316167970782;
 0.1663956929666581, 0.06486879397322522, -0.9839230218521187]
第14幅图像的平移向量：
[29.17477908385216;
 -99.43658727693278;
 353.838837385257]

第15幅图像的旋转向量：
[0.009680915328316431;
 -2.896651909707467;
 -0.1206511532396275]
第15幅图像的旋转矩阵：
[-0.9707395985344588, 0.003414640666271818, -0.2401103331101727;
 -0.01656466491417327, 0.9965649431500253, 0.08114139486518379;
 0.2395626091722976, 0.08274451228635504, -0.9673484904485323]
第15幅图像的平移向量：
[69.1503889523165;
 -108.862333747781;
 362.8994579811597]


